# As_1e9 ns H0 omegab omegam LSST_DZ_S1 LSST_DZ_S2 LSST_DZ_S3 LSST_DZ_S4 LSST_DZ_S5 LSST_A1_1 LSST_A1_2
4.816820323e-01 4.025523085e-03 -4.413409531e-01 -3.040762967e-04 -1.334830537e-03 2.440299249e-05 -8.878159861e-06 -1.779083686e-05 4.192561028e-05 -1.109330469e-06 -5.541626364e-03 -4.400982708e-02
4.025523085e-03 2.345457207e-03 -2.346221171e-02 -1.053777487e-05 6.020870933e-05 5.712983580e-07 -1.086631528e-06 -1.767563163e-06 1.394360652e-06 1.235285026e-06 1.934135071e-04 -6.358405226e-04
-4.413409531e-01 -2.346221171e-02 8.543892670e+01 2.159636468e-03 -1.232057996e-02 -1.106322998e-05 6.159228360e-05 1.714234240e-04 1.272376394e-04 -6.101862527e-05 -9.940356947e-03 -1.945556141e-02
-3.040762967e-04 -1.053777487e-05 2.159636468e-03 1.069521531e-04 1.227809753e-05 -3.043216452e-07 -1.017731179e-07 -8.406470897e-08 -2.804154065e-08 2.791406359e-07 -8.466143299e-06 -1.304358302e-04
-1.334830537e-03 6.020870933e-05 -1.232057996e-02 1.227809753e-05 1.350427046e-03 -1.271795554e-06 -1.742837640e-06 -3.266044587e-06 -1.279123921e-06 3.305479368e-06 4.828537640e-04 2.524999902e-03
2.440299249e-05 5.712983580e-07 -1.106322998e-05 -3.043216452e-07 -1.271795554e-06 1.644175063e-05 1.428916221e-07 -1.780751973e-07 -7.973899585e-08 5.880676923e-08 5.838314792e-07 -4.128476139e-04
-8.878159861e-06 -1.086631528e-06 6.159228360e-05 -1.017731179e-07 -1.742837640e-06 1.428916221e-07 1.427716415e-05 2.445470102e-07 1.872915334e-07 -1.205188340e-07 1.491549756e-05 1.266963809e-04
-1.779083686e-05 -1.767563163e-06 1.714234240e-04 -8.406470897e-08 -3.266044587e-06 -1.780751973e-07 2.445470102e-07 1.531633825e-05 1.600796509e-07 -2.915339081e-08 9.044670151e-06 1.954963518e-04
4.192561028e-05 1.394360652e-06 1.272376394e-04 -2.804154065e-08 -1.279123921e-06 -7.973899585e-08 1.872915334e-07 1.600796509e-07 1.549104127e-05 7.695181381e-08 2.910913963e-06 6.999862671e-05
-1.109330469e-06 1.235285026e-06 -6.101862527e-05 2.791406359e-07 3.305479368e-06 5.880676923e-08 -1.205188340e-07 -2.915339081e-08 7.695181381e-08 1.659132067e-05 -1.871680615e-05 -1.238986151e-04
-5.541626364e-03 1.934135071e-04 -9.940356947e-03 -8.466143299e-06 4.828537640e-04 5.838314792e-07 1.491549756e-05 9.044670151e-06 2.910913963e-06 -1.871680615e-05 3.590119630e-02 6.704884022e-02
-4.400982708e-02 -6.358405226e-04 -1.945556141e-02 -1.304358302e-04 2.524999902e-03 -4.128476139e-04 1.266963809e-04 1.954963518e-04 6.999862671e-05 -1.238986151e-04 6.704884022e-02 2.762115002e+00
