# As_1e9 ns H0 omegab omegam LSST_DZ_S1 LSST_DZ_S2 LSST_DZ_S3 LSST_DZ_S4 LSST_DZ_S5 LSST_A1_1 LSST_A1_2
7.610057592e-01 3.215347882e-03 -3.526122868e-01 -1.627504389e-04 -2.101434395e-03 1.125397034e-06 -2.464005320e-07 -1.667455945e-05 4.375226126e-05 -8.848244761e-06 -1.129327808e-02 -6.916989386e-02
3.215347882e-03 2.563977847e-03 -1.041568071e-02 -5.183610938e-06 7.635179645e-05 6.071799703e-07 2.994941042e-07 -4.421110589e-06 1.226538075e-06 4.951873507e-07 1.826203370e-04 -1.030583298e-04
-3.526122868e-01 -1.041568071e-02 8.774988556e+01 1.649926882e-03 -1.395624690e-02 -4.840535985e-05 3.259865043e-04 1.545093692e-04 -2.588251955e-04 3.758155217e-04 -3.793179756e-03 -6.120054424e-02
-1.627504389e-04 -5.183610938e-06 1.649926882e-03 1.091537124e-04 1.133694059e-05 1.235030709e-07 -2.938010368e-07 -7.764382559e-08 -2.190116533e-07 2.028156416e-07 1.674522423e-06 5.447400895e-07
-2.101434395e-03 7.635179645e-05 -1.395624690e-02 1.133694059e-05 2.681713551e-03 -1.448514467e-06 -6.095136996e-06 -9.254875295e-06 -2.303909469e-06 6.437300272e-06 8.876724751e-04 4.712701309e-03
1.125397034e-06 6.071799703e-07 -4.840535985e-05 1.235030709e-07 -1.448514467e-06 3.257190110e-05 2.815000926e-07 -2.309541571e-07 -2.434758528e-07 8.505605109e-08 3.622091072e-06 -5.432837061e-04
-2.464005320e-07 2.994941042e-07 3.259865043e-04 -2.938010368e-07 -6.095136996e-06 2.815000926e-07 2.829324876e-05 5.225676318e-07 1.912151220e-07 -2.799897345e-07 2.965982640e-05 2.178778959e-04
-1.667455945e-05 -4.421110589e-06 1.545093692e-04 -7.764382559e-08 -9.254875295e-06 -2.309541571e-07 5.225676318e-07 3.043896504e-05 2.138532977e-07 -3.918438551e-08 1.968711877e-05 2.470740583e-04
4.375226126e-05 1.226538075e-06 -2.588251955e-04 -2.190116533e-07 -2.303909469e-06 -2.434758528e-07 1.912151220e-07 2.138532977e-07 3.060301606e-05 1.607728848e-07 5.450339813e-06 9.648448759e-05
-8.848244761e-06 4.951873507e-07 3.758155217e-04 2.028156416e-07 6.437300272e-06 8.505605109e-08 -2.799897345e-07 -3.918438551e-08 1.607728848e-07 3.277239011e-05 -4.021655332e-05 -2.513433865e-04
-1.129327808e-02 1.826203370e-04 -3.793179756e-03 1.674522423e-06 8.876724751e-04 3.622091072e-06 2.965982640e-05 1.968711877e-05 5.450339813e-06 -4.021655332e-05 7.144910842e-02 1.075135395e-01
-6.916989386e-02 -1.030583298e-04 -6.120054424e-02 5.447400895e-07 4.712701309e-03 -5.432837061e-04 2.178778959e-04 2.470740583e-04 9.648448759e-05 -2.513433865e-04 1.075135395e-01 4.261990070e+00
